Weight
1300
300
900
120
180
80
1600
300
250
2400
130
160
490
290
1420
280
1000
650
1750
1100
850
350
350
500
850
150
400
300
1150
600
250
450
250
100
1000
1500
1100
400
500
850
1600
150
300
1800
240
400
700
300
700
2200
1500
800
250
150
280
1300
300
800
400
500
300
700
900
650
650
610
1300
220
1500
560
300
900
200
850
650
600
400
200
180
70
500
700
1000
500
500
700
1500
500
650
600
1000
900
1600
600
700
900
950
1100
500
800
800
750
300
600
580
500
480
600
300
500
120
190
140
130
130
40
400
800
1200
2400
750
1400
750
1000
1000
100
1000
1800
600
500
700
600
600
600
1050
600
200
600
200
260
280
100
720
440
340
200
180
500
180
40
80
1600
600
600
600
450
400
400
350
600
100
400
200
1800
420
700
950
1100
1250
1000
1900
800
350
550
350
1100
700
1800
600
400
1000
800
1500
950
500
400
400
450
400
670
320
620
780
350
480
220
520
280
360
500
520
340
350
750
800
460
280
720
560
620
450
600
1150
280
520
300
600
840
700
350
550
480
680
640
1100
500
1100
900
300
250
200
220
400
200
150
400
1500
540
400
700
