10 10
10.000000 -1.000000 -1.000000 -1.000000 -1.000000 -1.000000 -1.000000 -1.000000 -1.000000 -1.000000 
0.000000 8.900000 -1.100000 -1.100000 -1.100000 -1.100000 -1.100000 -1.100000 -1.100000 -1.100000 
0.000000 0.000000 8.764045 -1.235955 -1.235955 -1.235955 -1.235955 -1.235955 -1.235955 -1.235955 
0.000000 0.000000 0.000000 8.589744 -1.410256 -1.410256 -1.410256 -1.410256 -1.410256 -1.410256 
0.000000 0.000000 0.000000 0.000000 8.358209 -1.641791 -1.641791 -1.641791 -1.641791 -1.641791 
0.000000 0.000000 0.000000 0.000000 0.000000 8.035714 -1.964286 -1.964286 -1.964286 -1.964286 
0.000000 0.000000 0.000000 0.000000 0.000000 0.000000 7.555555 -2.444444 -2.444444 -2.444444 
0.000000 0.000000 0.000000 0.000000 0.000000 0.000000 0.000000 6.764706 -3.235294 -3.235294 
0.000000 0.000000 0.000000 0.000000 0.000000 0.000000 0.000000 0.000000 5.217391 -4.782609 
0.000000 0.000000 0.000000 0.000000 0.000000 0.000000 0.000000 0.000000 0.000000 1.833333 
