52452
48698
44411
63692
84588
55643
47012
79426
48240
74239
51179
61979
80502
50432
65854
41886
70003
40709
55912
71360
67662
57884
60727
74582
4307
35342
37748
75850
34754
65996
50238
46681
78635
53324
55257
56155
58708
41539
44719
51831
36949
59888
55989
61390
66519
41715
49011
84656
86070
48035
62215
37402
73808
75548
59449
49677
85720
59168
72635
29480
48662
90565
67124
51269
61065
69010
67632
46502
45313
66313
41463
41128
10504
53751
41830
82919
35807
61477
89116
67467
46724
35884
48996
30252
60951
76580
61030
34182
57277
65585
69483
64398
61752
28625
48172
33412
38420
68629
58267
37654
