9 7
0.479253 0.452693 0.299526 0.000000 -0.299526 -0.452693 -0.479253 
0.965096 0.911613 0.603170 0.000000 -0.603170 -0.911613 -0.965096 
1.591174 1.502995 0.994460 0.000000 -0.994460 -1.502995 -1.591174 
2.147861 2.028831 1.342380 0.000000 -1.342380 -2.028831 -2.147861 
2.373754 2.242205 1.483560 0.000000 -1.483560 -2.242205 -2.373754 
2.147861 2.028831 1.342380 0.000000 -1.342380 -2.028831 -2.147861 
1.591174 1.502995 0.994460 0.000000 -0.994460 -1.502995 -1.591174 
0.965096 0.911613 0.603170 0.000000 -0.603170 -0.911613 -0.965096 
0.479253 0.452693 0.299526 0.000000 -0.299526 -0.452693 -0.479253 
