9 7
1.228178 1.181650 1.413546 1.496224 1.413546 1.181650 1.228178 
1.181267 0.249439 -0.028819 -0.164729 -0.028819 0.249439 1.181267 
1.484207 -0.352719 -1.078771 -1.411306 -1.078771 -0.352719 1.484207 
1.637944 -1.078771 -2.269682 -2.804113 -2.269682 -1.078771 1.637944 
1.677330 -1.411306 -2.804113 -3.425853 -2.804113 -1.411306 1.677330 
1.637944 -1.078771 -2.269682 -2.804113 -2.269682 -1.078771 1.637944 
1.484207 -0.352719 -1.078771 -1.411306 -1.078771 -0.352719 1.484207 
1.181267 0.249439 -0.028819 -0.164729 -0.028819 0.249439 1.181267 
1.228178 1.181650 1.413546 1.496224 1.413546 1.181650 1.228178 
