9 7
0.748925 1.234769 1.666763 1.842058 1.666763 1.234769 0.748925 
0.857011 1.412972 1.907312 2.107906 1.907312 1.412972 0.857011 
0.911613 1.502995 2.028831 2.242205 2.028831 1.502995 0.911613 
0.603170 0.994460 1.342380 1.483560 1.342380 0.994460 0.603170 
0.000000 0.000000 0.000000 0.000000 0.000000 0.000000 0.000000 
-0.603170 -0.994460 -1.342380 -1.483560 -1.342380 -0.994460 -0.603170 
-0.911613 -1.502995 -2.028831 -2.242205 -2.028831 -1.502995 -0.911613 
-0.857011 -1.412972 -1.907312 -2.107906 -1.907312 -1.412972 -0.857011 
-0.748925 -1.234769 -1.666763 -1.842058 -1.666763 -1.234769 -0.748925 
